Predictor Name - Mean MPKI
2bitFSM-16K-2: 11.766428
Nbit-16K-2: 11.365794
Nbit-32K-1: 15.030270
Nbit-8K-4: 11.006835
Perceptro: 129.281662
