Predictor Name - Mean MPKI
2bitFSM-16K-2: 12.162846
Nbit-16K-1: 15.586251
Nbit-16K-2: 11.772421
Nbit-16K-3: 11.194884
Nbit-16K-4: 11.267145
