Predictor Name - Mean Target MPKI
BTB-64-4: 53.310151
BTB-64-8: 53.266890
BTB-128-2: 52.997673
BTB-128-4: 52.891234
BTB-256-2: 52.666419
BTB-256-4: 52.553019
BTB-512-1: 52.474009
BTB-512-2: 52.433121
