Predictor Name - Mean MPKI
BTB-64-4: 22.049096
BTB-64-8: 21.882768
BTB-128-2: 20.159467
BTB-128-4: 19.386338
BTB-256-2: 17.986550
BTB-256-4: 17.233593
BTB-512-1: 17.817579
BTB-512-2: 16.625488
